Q[y01,y02,y03,y04,y05,y06,y07,y08,y09,y10]
{
y03*y05+y01*y08,
y04*y05+y01*y09,
y04*y06-y03*y07,
y04*y08-y03*y09,
y07*y08-y06*y09}
{
y03*y05-y02*y06+y01*y08,
y04*y05-y02*y07+y01*y09,
y04*y06-y03*y07+y01*y10,
y04*y08-y03*y09+y02*y10,
y07*y08-y06*y09+y05*y10}

{
    (0, 4, 5, 6, 1, 2, 3, 7, 8, 9),   
    (0, 1, 3, 2, 4, 6, 5, 8, 7, 9),
    (1, 0, 2, 3, 4, 7, 8, 5, 6, 9),
    (0, 2, 1, 3, 5, 4, 6, 7, 9, 8)     
}

{
    (-1, 1, 1, 1, 1, 1, 1, 1, 1, 1),   
    (1, 1, 1, 1, 1, 1, 1, 1, 1, -1),
    (1, 1, 1, 1, -1, 1, 1, 1, 1, 1),
    (1, 1, 1, 1, 1, 1, 1, -1, 1, 1)
}